0.5
0.5
0.5519057761388563
0.5
0.5
0.5267084167805788
0.45498617159932603
0.5398575833677719
0.5
0.5416621631645314
0.49746744232868145
0.5021171758273199
0.5
0.47380869122929714
0.5643513367453985
0.5500566911445253
0.5514151593180108
0.47315170974133997
0.43586059276684574
0.46325672081465713
0.5
0.5227972576321116
0.5165103686513866
0.5
0.5
0.49333587648748034
0.5159794852232148
0.513728793803181
0.455115448601795
0.5
0.48048659016011275
0.5
0.5142660351167202
0.5218743046062879
0.5
0.52464422333132
0.4691091542952814
0.5
0.4037214822350086
0.503229805766602
0.9194869186508567
0.926038719521887
0.931535111421941
0.4704231172711956
0.5
0.5
0.48149537463839526
0.47003210732110495
0.48559515105275985
0.5
0.6643449788600312
0.6715134946116921
0.4603522268493499
0.6460978478558032
0.6833402210424814
0.6167169999258246
0.6123215818418793
0.6229604433565397
0.5894999523158598
0.5053406237085546
0.8570471861059011
0.8407339119009016
0.833830308039546
0.474694556590478
0.48933040870606437
0.5136005764482733
0.5039344713948141
0.4703362261711755
0.5055991777134925
0.6728306365302901
0.6623666168632313
0.5170688029161501
0.656212183827659
0.6544955547784808
0.5
0.48062858293331645
0.5
0.47196808341545604
0.4912706233906603
0.8194953958313465
0.837831537230717
0.829608672155641
0.4876137796568861
0.4636943552574414
0.5
0.5428892350404256
0.5251676892265633
0.5
0.513029426412775
0.5038009558021002
0.4921066853164638
0.5
0.6363724025389156
0.5942492926852528
0.6415625562937768
0.6392334509542127
0.5194561888715813
0.8511989912155217
0.859509807038179
0.8875194710239376
0.4889764864206165
0.48480677326721133
0.5
0.4587214292526306
0.6595988174333216
0.6538830784880949
0.4756980428309544
0.6989498892668299
0.7078753006749956
0.6215542910427991
0.6110023206281591
0.6378251793453498
0.6155333735999408
0.4909569677125387
0.8282014601943395
0.8251676892265633
0.810656875523201
0.5257017515974187
0.48563329836496383
0.5
0.6803530745673989
0.670372254188257
0.44047853683864746
0.638401627618654
0.6813607993981201
0.5987771667143508
0.5847516715940277
0.6364614129340582
0.6112672325184644
0.5
0.8104799143804771
0.8192749891386126
0.8146135995168007
0.5281622532345742
0.475734070848036
0.6654448930285787
0.680924224602897
0.5
0.6401617022178423
0.6591558847527311
0.6049771645950557
0.5741106907842451
0.6433194519502814
0.649081815388202
0.5227983172796727
0.8125462271248584
0.8212533511354124
0.8167678630087633
0.48616948003094174
0.6752943171101292
0.6661930042068008
0.5814529887359464
0.5957073677294932
0.6336978520943934
0.5988227315594834
0.5689671615220778
0.6292473323372646
0.6154422439096757
0.5324241557258056
0.8143931928240667
0.8222208093588073
0.8097763083998262
0.6728316961778512
0.6680834154560193
0.5397664536775069
0.6095145754522046
0.6185713831579617
0.5914804336077821
0.5555138760848142
0.6219474202880122
0.6144737260387195
0.5337847431944135
0.8260906422523869
0.8246399847410751
0.8205942503523329
0.46971421305273864
0.46576808553475113
0.497513007173814
0.5
0.7313994765341048
0.709765711924214
0.4954901399794428
0.6077099956554449
0.6788547329158322
0.840337603713005
0.8393266999396
0.8726568543302498
0.4778586642082843
0.5178275105699843
0.4866081741212872
0.7243644763751576
0.7175933284589546
0.5473344565597482
0.4698985917283912
0.6726123491326785
0.8280679446016256
0.8415244089815728
0.8303991692363121
0.43648154623772134
0.5
0.6276218329783514
0.6052420764853609
0.6239745260726283
0.5823791207044537
0.5089466043593901
0.8159307414353986
0.8376980216380031
0.8131608227103666
0.49522840703182125
0.5535323351453306
0.4970679551981011
0.6922232465481981
0.6733159551133294
0.6468904642315966
0.8091595935191954
0.8263534348475697
0.813292219007958
0.4892403386633606
0.6170338345466299
0.7224751247735003
0.723354632249314
0.6697099744624937
0.8232762183297836
0.8387544902565406
0.8449979336872556
0.5074090557480582
0.4829587479204417
0.5062158925941231
0.5263152875353657
0.7975967193311504
0.7843617212914984
0.7623305888461497
0.4924976952665543
0.5112248466160155
0.5
0.7111008678513526
0.729570524843437
0.694345720613324
0.4594345720613324
0.5
0.7684436956268345
0.7788653293914444
0.7717847643873648
0.47829841794619116
0.7270633987135879
0.7259210986425915
0.6871348189592142
0.6804505621430312
0.6982166131544648
0.640169119750771
0.5
0.49720676902862104
0.48797300018014017
0.5
0.5
0.5
0.5113223341916479
0.5
0.5
0.5
0.5187536425384918
