0.46694042175054473
0.5
0.5361560606859838
0.5560663666722121
0.5284774943294556
0.5115799820652549
0.4620519864150392
0.5047093922069068
0.49526474037224744
0.5431925063603422
0.5
0.5326913479056519
0.5
0.5244568856031065
0.49422040665614386
0.4753757369678919
0.5299793263514966
0.4644322963371732
0.49041028772687245
0.4932364302553469
0.5108014234182325
0.5449616350644555
0.5147175480525382
0.5682215184480359
0.5
0.5
0.5367195646969556
0.5188700299047673
0.5353972830078434
0.5450123554974863
0.5119086504712942
0.4893583459458144
0.5
0.49343576155715785
0.5
0.4642694837471444
0.5203642538618538
0.5101425649931629
0.5368331784669446
0.5493230851007713
0.5021723561467079
0.4977972115934736
0.4925035199980523
0.4690777807984614
0.5025730475676509
0.5148250753705634
0.7441083144991458
0.7376429809007138
0.735099858388551
0.5259465447212202
0.5126288806203312
0.500463077553571
0.506323316385946
0.48123445418727606
0.4728326144557292
0.5319559016267057
0.6002793681451334
0.5952514516187934
0.5281609988273436
0.5996757949920674
0.5929877986926301
0.6723546250948472
0.6823612593274876
0.6759557758400319
0.6286528855868759
0.48394647574143135
0.5
0.5121942065092575
0.5
0.8076113110623293
0.7999849867518228
0.7569867396499885
0.4909357514130713
0.6364623106606235
0.6188354385694403
0.5208648645358674
0.6159174920571803
0.6375172956676635
0.5986776168700217
0.59818004942199
0.5032202402931235
0.597571911429951
0.5898334949624466
0.5
0.5213593887579174
0.5255428100742954
0.501701163323852
0.5
0.5028433874757049
0.5
0.5415785821813032
0.6886140743115209
0.6971848130850602
0.7153046877853024
0.6361336422545841
0.6232628251686962
0.4826688280333863
0.6380701483876988
0.6248001614938589
0.4817918717462842
0.5300929401214856
0.46796598890642693
0.47956524473623346
0.541088622798226
0.6919225681581179
0.6742419324079222
0.6692616930886309
0.6482101773592102
0.49145614305596697
0.5016215322439936
0.4917954627529427
0.4985453379806776
0.7417295261900028
0.7268085892010112
0.7166929060373546
0.5225112497920462
0.49560253845623237
0.48757856595076465
0.4615021769209856
0.5185936035447496
0.5964017910399312
0.6382360042037095
0.6756854359319778
0.6860851535206067
0.7727912265823761
0.768976542814132
0.5600575575474034
0.5
0.6385063441117634
0.6153169621300959
0.6060351228854651
0.6297940953300684
0.829607241254783
0.8050697101631575
0.7770476853223183
0.5
0.4962461807513927
0.4968188144403102
0.4779726231390673
0.5127901715973691
0.6336011710333578
0.6986841090854498
0.6870802884166703
0.7606883168525739
0.7724610365633457
0.5825601848658343
0.5234678371590065
0.6417712183859541
0.6136092051499499
0.5854826962170673
0.6220617653145275
0.8851491586494569
0.8673549091292722
0.8424273379076402
0.5
0.5350518768589039
0.5989525216170485
0.5938140345467013
0.5
0.6008337424781598
0.5990646137740465
0.6894869729639803
0.6877776943708434
0.6408648442476942
0.6144521787469213
0.4792517924601033
0.5374813856010776
0.5281102783943128
0.47551572536305686
0.8796206314491032
0.8935509983810038
0.8695079915114283
0.5
0.6958123181672475
0.6959213670982637
0.6139764210850928
0.5100781500432138
0.4795728528011881
0.6410200487727684
0.5877280897873394
0.749526778359823
0.7410726965822543
0.5784477721556995
0.6190149889023693
0.5981186776980227
0.5675088963639536
0.8644187032611209
0.8963690256401933
0.8757521840218463
0.7070874704299875
0.6854126005786187
0.6325938632333667
0.5651716988098958
0.5031152489967499
0.567611858843006
0.4758149759179384
0.7679844511440501
0.7591418508494658
0.6261883797459108
0.6174041079493121
0.6129797645760381
0.5771716460606454
0.8483935824450494
0.8803976684831344
0.8523756436422952
0.4880837414637511
0.5020709152806463
0.4943218475222054
0.4857140828325536
0.6693352377165256
0.6748607216908975
0.6077687472864568
0.5267296682072153
0.6033753433773316
0.5067027052250161
0.5
0.49250047677207054
0.6804780096490552
0.7055805663646434
0.6603004069807547
0.5036254965530393
0.508702104695089
0.4924005575189998
0.6748592000779065
0.6849195979695596
0.6462305588580194
0.6214718866783797
0.6028240122702873
0.4994111357725128
0.4871915690467399
0.49637348903830003
0.6174051223579726
0.6472038839678798
0.5746635206472739
0.5
0.4863759844836052
0.6662808532394127
0.672199420569773
0.6959015861293817
0.6930343600501524
0.5202384671879374
0.4798325414183056
0.5
0.5
0.6370882008042231
0.6867313318374186
0.603585325970079
0.5056122159148546
0.6389313813405614
0.6052195383223303
0.6911039403690012
0.6974079829903956
0.5849714342521171
0.48062479458224616
0.5097479600241834
0.5096389110931674
0.6715294036494366
0.6826447865481297
0.6579292267365662
0.6045038730122663
0.5342408571347419
0.6932615875901302
0.6764609513530183
0.5955816416378237
0.4903844203060268
0.5069268895390121
0.5051116052408409
0.7242056165778721
0.6988418496321753
0.681648130039075
0.6620269305211219
0.5155559568105369
0.5
0.4966499153983177
0.49351437822835564
0.631751904045056
0.6654069401782925
0.6027915511931474
0.5948243855726743
0.6062653936514248
0.6296972193029795
0.5019035378516448
0.5639153536837236
0.5007978324115739
0.6354022536102805
0.6350674987522773
0.5778685448104882
0.5055741755900814
0.48810859447593624
0.4823082057545375
0.5132309321604064
0.5148834038685489
0.6670026050014404
0.6672805529744491
0.680599738688329
0.7075911243299832
0.6799302289723229
0.6765071069470763
0.4857034315416171
0.6457299481840055
0.6451248534179486
0.6931510170461231
0.49269118560026626
0.45543956356081783
0.4619647472702263
0.5213781553181388
0.5004077922815674
0.5575529825643439
0.5596325203186054
0.5883793401474545
0.5227141315241692
0.5672309483909449
0.5
0.5696416905728974
0.5853381429829295
0.5266759045482027
0.4879762141457259
0.5751103676622749
0.5574789307321191
0.5152917033544466
0.5758889263092972
0.5826337294937289
0.5142965684583829
0.5161534435116393
0.536441616723947
0.4973610158694091
0.47414424485390483
0.6911577040280139
0.6747993499669303
0.6294791214409472
0.47403367430989773
0.691268274572021
0.6703780498196382
0.6296449772569579
